---------------------------------------------------------------------------------------------------------------------------------------------------------------------------------------
|   ID    |       label       |    n    |    d    |    s    |    C    |     s_j     |     e_j     |     c_j     | stationLoca | depotLocati | tripStartLo | tripEndLoca |     m_d     |
---------------------------------------------------------------------------------------------------------------------------------------------------------------------------------------
|       1 | I-7-7-1000-01     |    1000 |       7 |       7 |     200 | [10,10,15,2 | [55,40,61,4 | [57,44,68,3 | [974,855,7, | [974,855,7, | [871,751,11 | [1000,500,1 | [-1,-1,-1,- |
---------------------------------------------------------------------------------------------------------------------------------------------------------------------------------------
|       2 | I-7-7-1000-02     |    1000 |       7 |       7 |     200 | [10,20,25,3 | [53,66,65,7 | [53,49,44,3 | [324,508,66 | [324,508,66 | [687,965,14 | [1000,500,4 | [-1,-1,-1,- |
---------------------------------------------------------------------------------------------------------------------------------------------------------------------------------------
|       3 | I-7-7-1000-03     |    1000 |       7 |       7 |     200 | [10,10,11,2 | [46,47,55,5 | [49,46,40,4 | [398,434,77 | [398,434,77 | [689,971,36 | [1000,500,1 | [-1,-1,-1,- |
---------------------------------------------------------------------------------------------------------------------------------------------------------------------------------------
|       4 | I-7-7-1000-04     |    1000 |       7 |       7 |     200 | [10,10,17,2 | [38,37,66,6 | [30,29,67,5 | [842,682,13 | [842,682,13 | [225,574,84 | [1000,500,1 | [-1,-1,-1,- |
---------------------------------------------------------------------------------------------------------------------------------------------------------------------------------------
|       5 | I-7-7-1000-05     |    1000 |       7 |       7 |     200 | [10,11,17,1 | [54,61,56,5 | [56,72,54,4 | [292,844,2, | [292,844,2, | [528,517,12 | [1000,500,1 | [-1,-1,-1,- |
---------------------------------------------------------------------------------------------------------------------------------------------------------------------------------------
|       6 | I-7-7-2000-01     |    2000 |       7 |       7 |     200 | [10,18,21,2 | [47,54,54,4 | [37,45,34,2 | [317,690,11 | [317,690,11 | [848,388,12 | [1000,500,6 | [-1,-1,-1,- |
---------------------------------------------------------------------------------------------------------------------------------------------------------------------------------------
|       7 | I-7-7-2000-02     |    2000 |       7 |       7 |     200 | [10,16,25,2 | [35,59,70,7 | [25,57,65,6 | [626,316,48 | [626,316,48 | [784,966,71 | [1000,500,1 | [-1,-1,-1,- |
---------------------------------------------------------------------------------------------------------------------------------------------------------------------------------------
|       8 | I-7-7-2000-03     |    2000 |       7 |       7 |     200 | [10,12,20,3 | [59,45,59,7 | [44,43,45,4 | [617,966,30 | [617,966,30 | [186,396,18 | [1000,500,2 | [-1,-1,-1,- |
---------------------------------------------------------------------------------------------------------------------------------------------------------------------------------------
|       9 | I-7-7-2000-04     |    2000 |       7 |       7 |     200 | [10,14,14,2 | [59,46,51,5 | [53,40,38,3 | [674,160,14 | [674,160,14 | [646,669,66 | [1000,500,1 | [-1,-1,-1,- |
---------------------------------------------------------------------------------------------------------------------------------------------------------------------------------------
|      10 | I-7-7-2000-05     |    2000 |       7 |       7 |     200 | [10,11,21,3 | [39,56,55,5 | [29,54,43,2 | [688,699,36 | [688,699,36 | [48,954,157 | [1000,500,1 | [-1,-1,-1,- |
---------------------------------------------------------------------------------------------------------------------------------------------------------------------------------------
|      11 | I-7-7-3000-01     |    3000 |       7 |       7 |     200 | [10,14,20,2 | [53,60,56,5 | [46,64,48,4 | [285,479,11 | [285,479,11 | [487,264,16 | [1000,500,1 | [-1,-1,-1,- |
---------------------------------------------------------------------------------------------------------------------------------------------------------------------------------------
|      12 | I-7-7-3000-02     |    3000 |       7 |       7 |     200 | [10,11,14,2 | [31,55,43,5 | [25,40,41,3 | [616,316,11 | [616,316,11 | [790,860,49 | [1000,500,6 | [-1,-1,-1,- |
---------------------------------------------------------------------------------------------------------------------------------------------------------------------------------------
|      13 | I-7-7-3000-03     |    3000 |       7 |       7 |     200 | [10,13,15,1 | [35,61,43,3 | [32,65,41,3 | [347,381,9, | [347,381,9, | [42,596,59, | [1000,500,8 | [-1,-1,-1,- |
---------------------------------------------------------------------------------------------------------------------------------------------------------------------------------------
|      14 | I-7-7-3000-04     |    3000 |       7 |       7 |     200 | [10,17,24,3 | [53,50,65,8 | [50,31,38,4 | [150,698,10 | [150,698,10 | [273,363,42 | [1000,500,1 | [-1,-1,-1,- |
---------------------------------------------------------------------------------------------------------------------------------------------------------------------------------------
|      15 | I-7-7-3000-05     |    3000 |       7 |       7 |     200 | [10,20,25,2 | [57,57,65,6 | [61,51,39,4 | [881,763,7, | [881,763,7, | [985,506,12 | [1000,500,1 | [-1,-1,-1,- |
---------------------------------------------------------------------------------------------------------------------------------------------------------------------------------------
|      16 | I-7-7-4000-01     |    4000 |       7 |       7 |     200 | [10,14,15,2 | [56,48,50,5 | [46,33,42,3 | [399,65,102 | [399,65,102 | [417,687,11 | [1000,500,5 | [-1,-1,-1,- |
---------------------------------------------------------------------------------------------------------------------------------------------------------------------------------------
|      17 | I-7-7-4000-02     |    4000 |       7 |       7 |     200 | [10,10,10,1 | [53,36,55,3 | [51,35,49,2 | [864,567,12 | [864,567,12 | [20,415,77, | [1000,500,6 | [-1,-1,-1,- |
---------------------------------------------------------------------------------------------------------------------------------------------------------------------------------------
|      18 | I-7-7-4000-03     |    4000 |       7 |       7 |     200 | [10,18,22,2 | [38,50,47,7 | [35,36,23,5 | [679,712,2, | [679,712,2, | [385,539,19 | [1000,500,1 | [-1,-1,-1,- |
---------------------------------------------------------------------------------------------------------------------------------------------------------------------------------------
|      19 | I-7-7-4000-04     |    4000 |       7 |       7 |     200 | [10,10,16,2 | [34,37,56,5 | [35,37,44,4 | [654,493,74 | [654,493,74 | [41,459,55, | [1000,500,4 | [-1,-1,-1,- |
---------------------------------------------------------------------------------------------------------------------------------------------------------------------------------------
|      20 | I-7-7-4000-05     |    4000 |       7 |       7 |     200 | [10,15,18,1 | [39,53,59,5 | [43,48,58,5 | [497,439,64 | [497,439,64 | [563,742,14 | [1000,500,1 | [-1,-1,-1,- |
---------------------------------------------------------------------------------------------------------------------------------------------------------------------------------------
